12
RH-20SQH10030C
1
16
-1
4
0
0
0
1
0
0
NOPROGRAM
17
0
1
2
3
4
5
6
7
8
9
10
11
12
13
14
15
16
1
1
1
2
DEFAULT
0
0
13055 13055 43516.7
1500 1500 1500
360 360 360
0.5 0.5 0.5
0 0
1 1 1 0 0.1 0.5 0
0 1 0 2 0 2 0 1
kin_scara
none
none
4
1 1
Config_1
Config_2
0
mot_joint_0
mot_straight_0
mot_circular_0
mot_slew_0
mot_aux1_0
mot_aux2_0
0 0 1 0
0 0 1 0
0 0 -10 0
1
0 0 -10 0
=dof(1)
=dof(2)
=dof(3)
=dof(4)
1 2 3 4
18 18 15 18
0 0 0 0
0 0 0 0
1 1 1
1 0 0 0
0 1 0 0
0 0 1 0
0 0 0 1
1
1 0 0 0
0 1 0 0
0 0 1 0
0 0 0 1
1
1 0 0 0
0 1 0 0
0 0 1 0
0 0 0 1
525 475 0 0
0 0 0 0
0 0 0 0 0 0 0 0
=-140*RAD
=-153*RAD
=-10
=-360*RAD
=140*RAD
=153*RAD
=290
=360*RAD
288 412.5 1200 1500
276.923 825 10909.1 2142.86
0.5 0.5 0.5 0.5
0 0 0 0
0 0 0 0
30
4
0 0
*
*
*
*
*
*
*
*
*
*
DEFAULT
0
0
0
*
*
*
*
Home_1
0
*
Joint 1
Joint 2
Joint 3
Joint 4
Utool 1
Uframe 1
0 0 0
1
0.1 0.00174533
-4.06377e-044 0 -1.92332e-031 0 0 0
0 0 0 0 0 0
3 1 2 0 0 4
0 0 0 2 2 0
-4.371138828673793e-008 -1 0 0
1 -4.371138828673793e-008 0 0
0 0 1 0
0 0 0 1
1 6.31411841603588e-024 -1.311050639326906e-039 0
-6.31411841603588e-024 1 -1.323488980084844e-021 0
1.31104223153612e-039 1.323488980084844e-021 1 0
0 -3.029226116789928e-028 0 1
-4.371138828673793e-008 -1 0 0
1 -4.371138828673793e-008 0 0
0 0 1 0
0 0 0 1
0 0 0 0 0 0
525 325 0 0 0 0
11
*
*
1 1 1 1 1 1
1 1 1 1
0 0 0 0
*
*
*
*
*
*
0
0
no_app_file
3
no_par_file
0 1 1 1
1
6
10 1 1 327685 0 0 
-1 -1
-1 -1 -1
-1 -1 -1
-1 -1 -1
7
0
0 267 0
Device Sequence Information
2
*
0
*
-1 1 1 262145 0 
-1 1
1 1 1
-1 -1 -1
-1 -1 -1
1 0 0 0
0 1 0 0
0 0 1 0
0 0 0 1
MITSUBISHI/RH-20SQH10030C.0
0
0
0
10
0
*
*
*
*
*RH-20SQH10030C.0
0
**BEGIN_ATTRIBUTES**
0
**END_ATTRIBUTES**
1
-1 1 1 262145 0 
-1 1
1 1 1
-1 -1 -1
-1 -1 -1
1 0 0 0
0 1 0 0
0 0 1 0
0 0 0 1
MITSUBISHI/RH-20SQH10030C.1
2 5 18
1 1
0
10
0
*
*
*
*
*RH-20SQH10030C.1
0
**BEGIN_ATTRIBUTES**
0
**END_ATTRIBUTES**
1
-1 1 1 262145 0 
-1 1
1 1 1
-1 -1 -1
-1 -1 -1
1 0 0 0
0 1 0 0
0 0 1 0
525 0 0 1
MITSUBISHI/RH-20SQH10030C.2
2 5 18
1 2
0
10
0
*
*
*
*
*RH-20SQH10030C.2
0
**BEGIN_ATTRIBUTES**
0
**END_ATTRIBUTES**
1
-1 1 1 262145 0 
-1 1
1 1 1
-1 -1 -1
-1 -1 -1
1 0 0 0
0 1 0 0
0 0 1 0
475 0 0 1
MITSUBISHI/RH-20SQH10030C.3
2 5 15
1 3
0
10
0
*
*
*
*
*RH-20SQH10030C.3
0
**BEGIN_ATTRIBUTES**
0
**END_ATTRIBUTES**
1
-1 1 1 262145 0 
-1 1
1 1 1
-1 -1 -1
-1 -1 -1
1 0 0 0
0 1 0 0
0 0 1 0
0 0 0 1
MITSUBISHI/RH-20SQH10030C.4
2 5 18
1 4
0
10
0
*
*
*
*
*RH-20SQH10030C.4
0
**BEGIN_ATTRIBUTES**
0
**END_ATTRIBUTES**
0001
-1 1 1 262145 0 
-1 1
1 1 1
-1 -1 -1
-1 -1 -1
1 -2.138398969009359e-008 0 0
2.138398969009359e-008 1 0 0
0 0 1 0
525 1.20792265079217e-013 0 1
MITSUBISHI/RH-20SQH10030C.1a
2 5 18
0
1
=-sasa(170,180*RAD-dof(1),525)
10
0
*
*
*
*
*RH-20SQH10030C.1a
0
**BEGIN_ATTRIBUTES**
0
**END_ATTRIBUTES**
0004
0
0
1
2
3
4
0
22
0
0
0
0
0
0
0
0
0
0
0
0
0
0
**BEGIN_ATTRIBUTES**
5
1
1
Robot Name
3 1 0 0
*RH-20SQH10030C
**END_ATTRIBUTES**
